-5.551114999999999755e-17 0.000000000000000000e+00 2.220445999999999902e-16 3.562502999999999769e-10 -1.704637999999999951e-10 1.197625000000000039e-11
-8.442954000000000344e-04 -2.381702000000000471e-02 1.314656000000000047e+00 -5.347939716840966699e-04 -3.418381279123124854e-04 7.435794653916696093e-04
1.592748400000000087e-03 -2.099482999999999211e-02 1.316431000000000129e+00 1.321944124699882608e-03 -1.786281465226345318e-04 1.766478581564191264e-03
7.403110000000000072e-04 -2.180959999999999843e-02 1.319286999999999654e+00 -2.777676634436339591e-04 8.894893538831795225e-05 2.220261399626562160e-04
1.380035999999999850e-03 -1.663019000000000303e-02 1.320621000000000045e+00 -8.263490595289385131e-04 1.306574310032581005e-04 2.901917488301111736e-04
3.413094000000000197e-03 -1.511959999999999693e-02 1.327137000000000455e+00 -1.053909454444456467e-03 1.076309062219779904e-04 1.579113612460492956e-03
7.527960000000000207e-04 -1.621609999999999718e-02 1.330187000000000452e+00 -8.893848549756861767e-04 -1.768233246549146573e-04 -3.185000348220551683e-04
-5.954790000000003206e-04 -1.696140000000001535e-02 1.330667999999999296e+00 1.715023549993245590e-03 -2.728423875067834169e-04 -5.541957457870045831e-04
-9.474209999999995066e-04 -1.368980000000000197e-02 1.334630000000000649e+00 2.653468612038766862e-03 -1.097797703192177629e-04 -2.732433199436679668e-03
-3.361523000000000375e-03 -1.329329999999998013e-02 1.337819999999998899e+00 9.435353540549908493e-04 3.423906304562188401e-04 -3.444717017611985573e-03
-5.281576999999999973e-03 -1.917220000000000035e-02 1.338400000000000034e+00 -1.447023244468214308e-04 9.498532066312443019e-05 -2.418739020150308117e-03
-3.989572999999999731e-03 -2.183999999999999830e-02 1.350179999999999936e+00 -7.063471691434166852e-04 1.418095351386782269e-04 -1.226774509174707525e-03
1.584040000000000101e-03 -1.865380000000002592e-02 1.351559999999999206e+00 -2.644024711639185975e-03 4.058804337229225505e-04 2.197031932612868773e-03
4.750504000000000011e-03 -1.733350000000000168e-02 1.352470000000000283e+00 -2.228854697807782642e-03 2.326117530190067138e-04 3.891510848396501424e-03
4.523296999999999908e-03 -1.616259999999997143e-02 1.352009999999999934e+00 2.166472617056923802e-03 -2.890122828227619585e-04 2.740346638705775176e-03
-8.713999999999996054e-04 -2.319910000000002803e-02 1.354570000000002494e+00 2.384257719911804518e-03 -2.019402056857996721e-04 1.480440387562807335e-03
-4.900160500000000363e-03 -2.912049999999999361e-02 1.364479999999996807e+00 1.515275947304671727e-03 6.552392869550649132e-04 -2.269502373911654741e-03
-6.603849499999999914e-03 -2.458219999999999850e-02 1.366350000000000620e+00 -1.302112208832932735e-03 8.251636479202067043e-04 -2.991185382303253228e-03
-2.349940000000000015e-03 -2.193050000000001942e-02 1.376580000000000581e+00 -6.195978162275833818e-03 6.886748206926458001e-04 -1.309627777436148935e-03
4.658083000000000362e-03 -1.839749999999995556e-02 1.371620000000000061e+00 -3.277258105132980354e-05 4.407381698015644996e-04 2.489092345966497678e-03
7.023454000000000155e-03 -2.279860000000000220e-02 1.374420000000000641e+00 1.585396946784607079e-03 -4.029161635073080783e-04 4.293494166263423298e-03
3.319320000000000170e-03 -2.295920000000001293e-02 1.375399999999999068e+00 2.572058490191472379e-03 2.064120826225429237e-05 5.992423861586534950e-04
2.657430999999999162e-03 -2.622020000000002682e-02 1.379719999999998947e+00 2.295650757776441196e-03 3.979527782229071511e-04 2.490299623973402099e-04
-1.111947999999999756e-03 -2.589539999999995734e-02 1.385470000000001534e+00 4.045586201842786729e-04 7.786700354047936500e-04 -3.311009435126987567e-03
1.478091000000000821e-03 -2.722340000000000870e-02 1.382489999999997110e+00 2.111572995556922419e-03 3.938083200725386174e-04 -9.395788102569148890e-04
1.868233000000000393e-03 -3.087930000000005393e-02 1.393030000000003099e+00 4.603382690686608214e-04 -6.874654145312252690e-05 -8.937929624954804760e-04
1.945999999999999813e-03 -3.150729999999990483e-02 1.397060000000003299e+00 -2.304201290524589708e-03 -8.698126419668349152e-05 -7.335529954552780490e-05
2.995379999999998877e-03 -2.527730000000005806e-02 1.397999999999996135e+00 -1.601502433929933959e-03 -4.212391947574388104e-04 -7.728242147748464255e-04
1.853729999999999614e-03 -2.395199999999997331e-02 1.395670000000002631e+00 3.104842501639662336e-04 -2.251831887675921628e-05 -2.702577506908779553e-03
2.460980000000001500e-03 -1.985939999999997152e-02 1.402809999999995227e+00 1.741317193530139544e-04 1.405918933143450456e-04 -2.536442394011116565e-03
-2.660500000000003140e-04 -2.701260000000005324e-02 1.406629999999999825e+00 -5.177099899941050177e-04 7.122980270321110224e-06 -2.153747316767855996e-03
2.180869999999997949e-03 -2.340739999999996712e-02 1.407580000000002940e+00 -2.800827125350146803e-04 -2.697054032520206091e-04 -1.105496409606415709e-03
4.879330000000001166e-03 -2.372610000000008323e-02 1.409629999999999939e+00 4.176963070521463569e-04 -4.281012241876104921e-04 1.049742497309087350e-03
4.636720000000000425e-03 -2.116689999999998850e-02 1.413060000000001537e+00 6.308615865976373565e-04 -6.874406291902375541e-04 8.344705957638968996e-04
3.219950000000002671e-03 -2.200649999999992890e-02 1.415770000000001971e+00 -7.348363767560749018e-04 -9.640970412548301952e-04 6.247554450303583265e-04
-4.881000000000051964e-04 -2.295409999999997730e-02 1.422589999999999577e+00 -8.527511606590920494e-04 -1.007944169502397996e-03 -2.102542729462038296e-04
-1.836890000000000744e-03 -2.164940000000004083e-02 1.422549999999993986e+00 -2.529217100687146825e-04 -1.064832899989867285e-03 -6.371838969595573429e-04
-2.797369999999996942e-03 -2.090579999999997440e-02 1.426130000000000564e+00 3.865836072602170685e-04 -1.173114231463568639e-03 1.092416731995719814e-05
-3.588179999999999842e-03 -1.884280000000004840e-02 1.428850000000004172e+00 -1.271879144863134574e-03 -1.117764162044250238e-03 -2.392254633692501159e-04
-4.540389999999998316e-03 -2.144800000000002260e-02 1.427479999999995641e+00 -9.675875439401648327e-04 -8.017263827724044854e-04 1.391509128597184959e-03
-4.020680000000002169e-03 -2.004839999999996625e-02 1.431960000000003674e+00 8.403288806089342922e-05 -6.364869731234788428e-04 1.495421461958520298e-03
-3.579599999999998755e-03 -2.036419999999994346e-02 1.428899999999998727e+00 4.257589310437217590e-04 -6.186903436936784170e-04 2.283090817596613014e-03
-3.153750000000000303e-03 -1.770270000000007116e-02 1.428150000000002251e+00 -4.451518614237161796e-04 -7.327003817519765760e-05 1.347167594849441215e-03
-3.551095000000000640e-03 -1.965660000000002405e-02 1.429529999999999745e+00 -6.442256665690178699e-04 4.339636480454062833e-04 1.213621005765006759e-03
-3.760044999999999620e-03 -2.014489999999991010e-02 1.424769999999995207e+00 -6.348522455249393411e-04 3.876001572370620096e-04 1.024081316334505502e-03
-4.072453000000000184e-03 -2.306160000000001542e-02 1.424030000000001905e+00 4.252218860314829242e-04 4.354495462566346231e-04 1.930084756376419710e-03
-1.565361000000000139e-03 -2.036500000000007748e-02 1.419890000000002317e+00 8.440437791261486307e-04 4.816307029813374566e-04 1.498512453119863266e-03
-3.080330000000000047e-03 -2.152500000000001634e-02 1.417529999999999291e+00 5.729077404048308654e-04 6.454040279200356708e-04 -7.949365885785621838e-05
-4.066375999999999151e-03 -2.050299999999993794e-02 1.413709999999994693e+00 -5.573981542444147314e-05 8.027426643007784003e-04 -1.739702977307459007e-03
-9.344090000000001076e-03 -2.587199999999989508e-02 1.412820000000010623e+00 -1.326795374744422964e-03 4.786563214384188976e-04 -2.832709678042179789e-03
-7.658350000000001268e-03 -2.175600000000010859e-02 1.414069999999995275e+00 -1.305236432723594353e-03 7.634959572143090040e-04 -3.662135790788333643e-03
-8.111669999999997910e-03 -2.039999999999997371e-02 1.409779999999997813e+00 -5.501802481662296934e-04 7.374737898477354931e-04 -3.650520939108303255e-03
-7.012080000000003865e-03 -1.775600000000010503e-02 1.400080000000002656e+00 3.931781728086477037e-04 6.442810512573400811e-04 -4.495281214767862625e-03
-4.629389999999997118e-03 -1.732399999999989504e-02 1.402590000000003556e+00 4.813395932997772617e-04 7.056741283012852792e-04 -3.068932009981050618e-03
-6.500890000000002222e-03 -2.391500000000013060e-02 1.402049999999988472e+00 2.634653068375129165e-04 6.891029368313783456e-04 -2.152125586767705129e-03
-1.308329999999996440e-03 -2.071599999999995667e-02 1.396290000000007581e+00 -1.338681880845692812e-04 3.352975089519324905e-04 -2.734373086308826417e-04
1.711860000000002546e-03 -2.009299999999991648e-02 1.394170000000002574e+00 -1.634021595345444208e-04 1.599172693533680405e-04 1.234856232800620249e-03
3.330749999999993438e-03 -1.862000000000008093e-02 1.390489999999999782e+00 9.543516138870275674e-04 -6.214704477865281781e-05 1.167931901436389600e-03
7.103800000000035086e-04 -2.163199999999987355e-02 1.385499999999993292e+00 1.291019883715130608e-04 -2.776835077622171778e-04 7.477504701292568556e-04
4.440500000000013880e-04 -2.038899999999999046e-02 1.386260000000007153e+00 -2.694180458105680138e-04 -2.325783240040301975e-04 -4.384874664286816937e-05
-4.302659999999999818e-03 -2.135500000000001286e-02 1.386459999999999582e+00 5.230419606579409138e-04 -5.313862561918754508e-04 4.566277137100852035e-04
-8.029310000000004777e-03 -2.021399999999995423e-02 1.381950000000003342e+00 -3.539720477544554787e-04 -7.274814368823459294e-04 -3.523661232375571023e-04
-1.446037999999999490e-02 -2.345000000000019291e-02 1.384529999999998040e+00 -7.037878968555286337e-04 -9.403541021363112521e-04 3.847299060581801933e-04
-9.195780000000000620e-03 -1.928699999999983206e-02 1.378940000000000055e+00 -1.050603927802241933e-03 -1.134720805806440757e-03 2.130587380158584926e-03
-1.375608999999999860e-02 -1.965800000000017533e-02 1.377249999999989427e+00 -7.111266360724120481e-04 -1.203265950651633172e-03 2.148777779709757849e-03
-1.291520999999999642e-02 -1.714099999999985080e-02 1.368900000000010664e+00 -1.679466863985495245e-04 -6.138645523820164193e-04 1.991968204898410949e-03
-1.728760000000001407e-02 -1.827800000000001646e-02 1.366039999999998145e+00 6.762334699276237662e-04 -4.652355987871839398e-04 1.293666437170070717e-03
-1.712519999999997933e-02 -1.790500000000005976e-02 1.362110000000001264e+00 5.156910359733687943e-04 -2.705675497130296397e-04 1.226791483720164264e-03
-2.424450000000000216e-02 -2.022600000000007725e-02 1.357369999999988863e+00 3.849617226704613038e-04 -1.377756164405441464e-04 -6.603198825766284571e-04
-2.163610000000001921e-02 -2.002299999999990199e-02 1.353060000000013474e+00 6.907503372674357253e-04 1.215851970997623016e-04 1.992089938875141533e-04
-2.069050000000000056e-02 -2.026499999999997748e-02 1.351630000000000109e+00 6.770008442330221164e-04 2.418944850711432851e-04 -7.273238246674309029e-04
-2.237419999999998299e-02 -2.120499999999991836e-02 1.349679999999992219e+00 -1.252885286544746721e-04 3.630040595768335883e-04 -1.599588357934738150e-03
-1.416590000000000904e-02 -1.731600000000010908e-02 1.345169999999995980e+00 -1.375270412847346638e-03 2.377636187497734165e-04 -4.642712114534541801e-04
-2.083059999999997691e-02 -2.101899999999989888e-02 1.345100000000002183e+00 -1.556164656723232724e-03 1.488018682064889617e-04 -1.299943592483972926e-03
-1.735800000000004006e-02 -1.922900000000016263e-02 1.340500000000005798e+00 1.307417682104150027e-03 5.927132816480745747e-05 5.267511407038502624e-04
-1.856549999999995704e-02 -2.079900000000001192e-02 1.338599999999999568e+00 2.641768551210753324e-03 9.730852844714232494e-05 1.190993575611171140e-04
-1.006990000000002050e-02 -1.725299999999996281e-02 1.336299999999994270e+00 1.175189621015167336e-03 -3.883524794370775066e-05 5.367367241708971906e-04
-1.891310000000001601e-02 -2.513300000000007195e-02 1.344499999999996476e+00 -1.312411923492456858e-03 1.439188875708001004e-04 2.132462471902209916e-03
-1.650449999999997752e-02 -2.284299999999994668e-02 1.341100000000011505e+00 -2.119581412510640386e-03 6.127466349060660400e-04 2.366823705790974813e-03
-2.296300000000001118e-02 -2.546399999999993113e-02 1.338200000000000500e+00 -6.673291953028376300e-04 9.228172324495188730e-04 1.577433126759703909e-03
-2.053880000000002370e-02 -2.336300000000002264e-02 1.331999999999993634e+00 1.444084231592909773e-03 7.150767396066320513e-04 8.800057750642426057e-04
-1.939799999999997082e-02 -2.389499999999999957e-02 1.328400000000002024e+00 2.403839402697984830e-03 6.650867284158770492e-04 -1.908481875986577179e-03
-8.255400000000023830e-03 -1.998900000000003452e-02 1.323599999999999000e+00 2.198142399889892185e-03 1.088972241973511440e-03 -1.951523511116943620e-03
-7.621600000000006148e-03 -2.101799999999998114e-02 1.331500000000005457e+00 2.168581752783246266e-04 1.416646888491577758e-03 -3.036207557156327119e-03
-3.888000000000002565e-03 -1.922599999999996534e-02 1.332899999999995089e+00 -2.183459702000320728e-03 1.417330814953370911e-03 -1.433191935246929706e-03
6.280000000002949889e-05 -1.756399999999991302e-02 1.334400000000002251e+00 -2.445045349524234066e-03 1.048083970853845668e-03 -9.593995100145441546e-05
2.801400000000009438e-03 -1.405300000000009319e-02 1.333899999999999864e+00 -6.992649416653522534e-04 7.803290674146855579e-04 9.953034336541537186e-04
-2.800899999999995060e-03 -2.047500000000002096e-02 1.343199999999995953e+00 7.441796097342402889e-04 1.023601916387693010e-03 -5.090643173876370497e-04
-1.387860000000001870e-02 -3.460700000000005438e-02 1.363900000000001000e+00 4.610565911548907166e-04 1.238723008975079094e-03 -1.764297097128202790e-03
-8.781199999999989014e-03 -2.910099999999982145e-02 1.355800000000002115e+00 3.566218851567344757e-04 1.138570636236035417e-03 -2.030628195545326059e-03
-6.180500000000033189e-03 -3.029500000000018289e-02 1.359300000000004616e+00 1.059509800071454112e-03 1.125369191794007087e-03 -7.498187580093820109e-04
-1.877999999999990788e-03 -2.596999999999982656e-02 1.353600000000000136e+00 5.502019914510310281e-04 1.093957006770637438e-03 -1.090769501639460987e-03
-6.716599999999961490e-03 -3.973099999999996079e-02 1.355399999999988836e+00 2.692537627667945018e-04 9.113105540520059084e-04 8.393204571982490481e-04
-9.599000000000135202e-04 -3.231699999999992912e-02 1.357100000000002638e+00 -7.856639056182802665e-04 7.628683101891763074e-04 5.195204226687219484e-04
-2.470599999999989471e-03 -3.484600000000037667e-02 1.357400000000012597e+00 -1.514991794610118844e-03 8.311418811067956824e-04 9.529899753258526396e-04
4.154599999999952775e-03 -2.629999999999999005e-02 1.348699999999979582e+00 -5.863561947366899979e-05 3.213900051661604251e-04 9.960584725167403314e-04
4.431700000000038386e-03 -2.821300000000004360e-02 1.354000000000013415e+00 -3.608578869277010055e-04 -2.009171302770965117e-05 2.074332673589727311e-03
5.909000000000053099e-04 -3.522999999999987253e-02 1.351699999999993906e+00 -5.034584874494892233e-04 -3.218205491911495936e-04 1.664223254116137252e-03
-1.016900000000042770e-03 -3.545599999999993202e-02 1.353200000000015280e+00 3.840604867178004818e-04 -5.349477582011572668e-04 1.513473516702511061e-03
1.624400000000025823e-03 -2.792100000000008464e-02 1.345999999999975216e+00 9.674142456202834348e-05 -1.249295032672971192e-03 1.593969542951049340e-03
-7.699999999999374012e-05 -2.854499999999982052e-02 1.351800000000025648e+00 -9.960236632511158816e-04 -1.069186977462404167e-03 1.250329662408473236e-03
3.915999999999919545e-04 -2.689500000000011326e-02 1.350199999999972533e+00 -2.981195546906704671e-04 -1.014787069942894859e-03 1.565647624854621042e-03
-3.261100000000016763e-03 -3.311699999999984101e-02 1.350300000000004275e+00 9.490588217820478123e-05 -1.297622048448576759e-03 7.500487406428350519e-04
-3.015600000000007164e-03 -2.702000000000026603e-02 1.349299999999999500e+00 4.630836336261857922e-04 -1.251674587753612636e-03 2.656234145562799166e-04
-4.244599999999987272e-03 -2.556899999999995288e-02 1.347700000000003229e+00 5.013607054305171257e-04 -1.039411100220830400e-03 3.831844207525965103e-04
-4.199299999999961397e-03 -2.756899999999973261e-02 1.347900000000009868e+00 1.781922745708397395e-03 -9.828686723354568625e-04 1.641055817775051657e-03
-2.491200000000026726e-03 -3.156900000000018025e-02 1.343299999999999272e+00 1.459835040676142615e-03 -1.125726383219212944e-03 5.532703970942165136e-03
-3.022499999999983533e-03 -3.637600000000018596e-02 1.352699999999998681e+00 -2.804670427455129879e-03 -1.099682254468420991e-03 6.790389943447571776e-03
1.130699999999984495e-03 -2.639699999999978175e-02 1.349199999999996180e+00 -9.457159309043078159e-04 -1.434811479837130345e-03 7.640277312274700028e-03
-5.514300000000027513e-03 -2.925099999999991596e-02 1.345100000000002183e+00 2.404766384139561761e-03 -1.232458354999506215e-03 3.325430033816613451e-03
-9.186799999999994970e-03 -2.701099999999989620e-02 1.343600000000009231e+00 4.003049657139766057e-03 1.471133896366254128e-04 8.408622798022208356e-05
-1.600429999999997133e-02 -3.616400000000030701e-02 1.345599999999990359e+00 1.777573528442566355e-03 8.365797554218969666e-04 -3.542234556053132366e-03
-6.350799999999989787e-03 -3.009299999999992536e-02 1.347000000000008413e+00 7.104020545403884335e-07 7.542018352152818350e-04 -2.529143476667390644e-04
1.503099999999979453e-03 -2.956400000000014572e-02 1.348600000000004684e+00 -3.129794831068280579e-03 6.729639041263152117e-04 2.722425773667262738e-03
8.350399999999980061e-03 -2.471399999999990271e-02 1.349999999999994316e+00 -3.226612882471702280e-03 5.654001900841239790e-04 5.444954785968510874e-03
1.088230000000001141e-02 -2.298700000000009069e-02 1.348999999999989541e+00 -7.045419886960329649e-04 2.420818018400569191e-05 4.154679097541743443e-03
8.715300000000036906e-03 -2.223299999999994725e-02 1.346699999999998454e+00 -3.667607833024899740e-04 -4.465722777765700896e-05 1.795556495858392776e-03
6.013499999999949441e-03 -2.539699999999989188e-02 1.350400000000007594e+00 -3.609704368733564553e-04 8.218200326037456739e-04 -1.556726317182607899e-03
1.224300000000011490e-03 -2.382399999999984530e-02 1.349799999999987676e+00 3.598588814463206734e-04 1.194847522694737936e-03 -3.939217621380181750e-03
6.871300000000024610e-03 -2.665000000000006253e-02 1.350700000000017553e+00 2.397617840978634712e-03 8.719418658311205508e-04 -3.423952857514088455e-03
7.996300000000011732e-03 -2.341300000000012815e-02 1.351200000000005730e+00 8.418029695342640721e-04 7.338827206553521706e-04 -2.836617276755628442e-03
8.857599999999965501e-03 -2.489099999999977442e-02 1.358299999999985630e+00 -1.350092217888266459e-03 4.232454111095388175e-04 -2.012500138413413076e-03
1.044240000000001833e-02 -2.642800000000011806e-02 1.360999999999989996e+00 1.812908032348154331e-04 -2.330246483167961596e-04 -1.637751644234165804e-03
7.040199999999996461e-03 -2.457399999999987372e-02 1.360200000000020282e+00 2.397191008658017784e-03 -5.320440107097999805e-04 -1.912990128273062140e-03
3.472099999999977982e-03 -2.768000000000014893e-02 1.359600000000000364e+00 2.886085657045369540e-03 -5.415440933404253726e-04 -3.482120071286218255e-03
2.781740000000004764e-02 -1.849100000000003519e-02 1.364299999999985857e+00 1.279494279571104058e-03 -1.880554377589908552e-04 -4.895110493484426326e-03
2.304229999999996004e-02 -2.803999999999984283e-02 1.368700000000018235e+00 -8.648421911062031259e-04 3.234225092560247955e-04 -4.593980485732560189e-03
1.018190000000002149e-02 -2.567700000000039395e-02 1.376299999999986312e+00 -2.493844895152315388e-03 5.480679130698039650e-04 -3.329271690315308355e-03
1.905190000000001049e-02 -2.209099999999963870e-02 1.379500000000007276e+00 -1.978107012874523278e-03 1.322480716393669223e-04 -3.635469906168357045e-04
1.834739999999995819e-02 -5.374000000000211941e-03 1.376599999999996271e+00 -1.331048574678209140e-03 -7.794143193415800641e-04 2.854486825793811199e-03
1.912660000000004912e-02 -9.039999999999714930e-03 1.375499999999988177e+00 1.486048558198970349e-04 -1.673938976634203012e-03 2.556878928855489327e-03
7.749699999999970501e-03 -1.817000000000001947e-02 1.381300000000010186e+00 4.096468522587388104e-03 -2.091139959165134576e-03 4.287730648567982319e-04
4.655000000000020233e-03 -2.097700000000024545e-02 1.379400000000003956e+00 4.498272550842567080e-03 -1.519440622731871218e-03 -1.060917729863546967e-03
-5.056900000000030815e-03 -2.605799999999991456e-02 1.388399999999990087e+00 9.168668927444388259e-04 -5.681582965913055828e-04 -4.781184117003670596e-03
-4.599399999999975730e-03 -2.630800000000022010e-02 1.394100000000008777e+00 -1.392429068779517387e-03 -9.772607213699154938e-05 -4.066068558485479156e-03
4.525300000000009870e-03 -2.308899999999969310e-02 1.395499999999998408e+00 -3.071914862737852320e-03 2.811384668553848672e-04 -1.709224459561886882e-03
5.402799999999985392e-03 -2.692300000000003024e-02 1.399399999999985766e+00 -2.176389981717918691e-03 4.094705605005340013e-04 -7.875197649533033709e-04
-2.050000000000107292e-04 -2.946699999999990993e-02 1.401499999999998636e+00 -8.142407101096322663e-04 7.738592622772452832e-05 6.418131961878964162e-04
1.911600000000013289e-03 -2.791300000000029868e-02 1.404500000000012960e+00 -7.793519938997833969e-04 -6.046233536040877300e-05 1.494172036372253508e-03
4.016899999999989923e-03 -2.867199999999980875e-02 1.407999999999987040e+00 -4.352107358819365520e-04 -1.146339997464332610e-05 2.587005601347341140e-03
2.248399999999983745e-03 -3.063200000000021461e-02 1.408500000000003638e+00 -7.246122089242610503e-06 3.783782541724339289e-04 2.663203706435509320e-03
2.821999999999991182e-03 -3.297299999999969700e-02 1.418400000000019645e+00 -9.575826280916348082e-04 3.375331528438301441e-04 2.995975137943168286e-03
3.403700000000009496e-03 -3.024000000000004462e-02 1.419499999999999318e+00 -1.798076844680053564e-03 4.261205155789856390e-04 4.070450053967730221e-03
-9.746999999999950148e-04 -4.018200000000016203e-02 1.421699999999987085e+00 -2.793066171525269981e-05 2.384605821897861980e-04 3.435593819884525529e-03
-4.358899999999998887e-03 -3.480799999999995009e-02 1.420199999999994134e+00 4.219910099870037914e-03 1.831124320937492674e-04 -1.852870400627475156e-03
-1.513969999999997817e-02 -5.199800000000021072e-02 1.423100000000005139e+00 5.604243632662992379e-03 4.516864107911001090e-04 -6.523541488955915575e-03
-1.719530000000002445e-02 -4.371599999999986608e-02 1.433099999999996044e+00 4.840961918422702001e-04 1.221838709989675822e-03 -9.333169698322364011e-03
-1.638210000000001054e-02 -4.049699999999978317e-02 1.437500000000000000e+00 -4.259582520092322980e-03 1.435867458287736712e-03 -8.266984183987134346e-03
-3.262399999999998634e-03 -2.475100000000018952e-02 1.437700000000006639e+00 -2.407794964615035411e-03 7.546420189627036160e-04 -1.483117381119353900e-03
3.707300000000024465e-03 -2.375600000000011036e-02 1.437900000000013279e+00 5.566916382068322713e-05 -5.323421689348937363e-04 2.035677005667568470e-03
4.304599999999991766e-03 -2.459100000000002950e-02 1.447899999999975762e+00 -3.469488219781943848e-05 -1.167150211420296679e-03 3.090869407038156214e-03
1.633300000000004193e-03 -2.221199999999967645e-02 1.449600000000003774e+00 8.574759070335326045e-05 -1.124610401445947511e-03 2.478911427753805775e-03
-7.657999999999831608e-04 -2.347400000000021691e-02 1.455300000000022465e+00 8.784488533664154986e-04 -5.124222529724123398e-04 -3.621721237001803220e-04
-4.987200000000024946e-03 -3.458499999999986585e-02 1.461699999999979127e+00 -1.399861293015832592e-04 -1.062183313395074179e-04 -1.445289130533745914e-03
-5.365100000000011526e-03 -3.282400000000018636e-02 1.460399999999992815e+00 -9.809077362606067815e-04 -1.241495867898441928e-04 -1.252743970477249516e-03
-4.264799999999957514e-03 -3.629599999999966187e-02 1.468900000000019190e+00 1.379104901013636125e-04 -2.355215675108541032e-04 5.882402010351714394e-04
9.699999999995823075e-05 -3.192200000000022797e-02 1.472199999999986630e+00 1.403878343482512728e-03 -3.927997675817701626e-04 4.213454416501193067e-04
1.502700000000023461e-03 -2.709999999999990195e-02 1.475099999999997635e+00 9.773474176427016102e-05 -1.947163212228197708e-04 7.501959123802810769e-04
-4.506999999999983242e-03 -3.053200000000000358e-02 1.480400000000003047e+00 -3.429065648358235394e-04 -4.494025692385007417e-04 -3.528301805403484537e-04
-6.416499999999991655e-03 -3.207500000000029772e-02 1.477300000000013824e+00 5.484774795987031049e-04 -3.419823117179718623e-04 -3.264990330818957898e-05
-4.283500000000051156e-03 -3.347599999999983922e-02 1.486099999999993315e+00 2.716051757520906822e-04 -1.977325491331399440e-04 -5.073069643495020653e-05
-4.318599999999950256e-03 -2.852599999999982927e-02 1.484100000000012187e+00 -5.728749412570090932e-05 -3.440292423659931423e-04 -1.099265615940966945e-03
-1.643500000000019945e-03 -2.880700000000002703e-02 1.489499999999992497e+00 4.068457847178972957e-04 -3.418163292898907597e-04 3.567751882220387971e-04
-1.620400000000021823e-03 -2.656400000000003203e-02 1.490199999999987313e+00 -1.125141608878206176e-04 -2.634592791687014610e-04 -5.034648624251073651e-04
2.441000000000248527e-04 -3.106900000000045736e-02 1.491100000000017189e+00 -1.365663336543791566e-04 -1.080216005981706449e-04 9.433579897660700209e-04
-1.347999999999904830e-04 -2.694200000000002149e-02 1.490899999999982128e+00 6.358897780523700867e-04 1.097253892747277382e-04 1.254403928735050092e-03
2.052799999999965763e-03 -2.396599999999970976e-02 1.494300000000009732e+00 -3.512811467383599069e-04 1.631974201091138273e-04 1.131895519799304244e-03
2.038499999999998646e-03 -2.594999999999991758e-02 1.496700000000004138e+00 -7.497425157784365270e-04 1.941785878353729719e-04 1.589040958857233093e-03
6.075000000000385647e-04 -2.862999999999971124e-02 1.495699999999999363e+00 -4.346994284445708165e-04 -1.038419993020036648e-05 1.584280186500445706e-04
-2.506600000000025474e-03 -3.270900000000054320e-02 1.501199999999982992e+00 1.586361321314643837e-04 -8.335161981375043623e-05 -3.762457871873004650e-04
-1.938500000000009660e-03 -3.389299999999995094e-02 1.505600000000015370e+00 1.234184667019391042e-03 2.245253245762542972e-04 -6.896156052656867222e-04
-3.086599999999994903e-03 -3.308899999999947994e-02 1.505300000000005411e+00 -7.963265416196978544e-04 5.292242404102301487e-04 -1.271827009234164328e-03
-1.412199999999974587e-03 -3.207300000000046225e-02 1.510400000000004184e+00 -2.427600068585428379e-03 6.357193227872268279e-04 -3.165725160906851521e-04
8.140999999999842807e-04 -2.971499999999949182e-02 1.510899999999992360e+00 -3.866320011524694306e-04 5.106576344074363876e-04 2.688278325140413400e-04
2.127000000000101032e-04 -3.203500000000047976e-02 1.516099999999994452e+00 1.591188349462778484e-03 4.811321249844058550e-04 -2.478353287610661829e-04
2.240399999999975744e-03 -3.050800000000020162e-02 1.514700000000004820e+00 1.362746955570404888e-03 5.564652163561347419e-04 3.574425369289122717e-05
2.561299999999988586e-03 -2.705000000000001847e-02 1.521099999999989905e+00 -4.581211922660179126e-04 3.081652521601629773e-04 -1.030154767080121783e-03
4.920800000000002949e-03 -2.732599999999951734e-02 1.524599999999992406e+00 -9.391782767121870578e-04 5.804329093834310546e-05 4.895211512542588239e-04
3.768700000000013706e-03 -2.619699999999980378e-02 1.520500000000026830e+00 -7.386417613571425378e-04 -3.102824549361458788e-04 -8.035529902257303181e-05
2.494099999999999095e-03 -2.884400000000031383e-02 1.528199999999998226e+00 -3.296377776599919863e-04 -2.273068675322370558e-04 -3.270875206347091668e-04
2.908699999999986296e-03 -2.423799999999953769e-02 1.527699999999981628e+00 -9.800868186608509367e-05 3.974699354810339036e-05 -1.466003991056152519e-03
3.095800000000037411e-03 -2.444400000000079842e-02 1.532900000000012142e+00 -3.327390503009514198e-05 2.038290137535694532e-04 -9.800126492197566708e-04
3.361599999999964616e-03 -2.269599999999982742e-02 1.531499999999994088e+00 -2.484771267683588171e-05 -1.129865597736538947e-04 -6.004066771462795299e-04
4.628900000000046866e-03 -2.649899999999938416e-02 1.534499999999979991e+00 -3.154728998799507383e-04 1.040720329761445767e-05 1.577823454740927972e-03
4.450599999999971246e-03 -2.663800000000016155e-02 1.538200000000017553e+00 -9.002953152337355575e-04 -1.011024183578223927e-04 1.496670811329765816e-03
6.649300000000024635e-03 -2.602599999999988256e-02 1.539100000000019008e+00 -1.011837274541619713e-03 6.149816535492820882e-05 2.821824037066750397e-03
6.121899999999957931e-03 -2.463300000000057111e-02 1.534899999999993270e+00 7.828194791919332318e-04 -3.140242082831129662e-04 1.540652601102092574e-03
5.543800000000043138e-03 -2.431399999999950268e-02 1.537899999999979173e+00 1.416033187132164500e-03 -2.758208814307334944e-04 1.227723713609494421e-03
3.759999999999985576e-03 -2.919400000000038631e-02 1.538200000000017553e+00 -1.803552503622091446e-03 5.758020291179405219e-04 1.946317950348704388e-03
4.692000000000029480e-04 -3.242800000000034544e-02 1.545900000000017371e+00 -2.524365977311921697e-03 4.484139887138988839e-04 1.049463143899104917e-03
4.086699999999998667e-03 -4.019899999999942963e-02 1.540899999999965075e+00 1.009803091922561666e-03 1.379208977197472069e-04 1.945518255453443585e-03
3.423599999999971111e-03 -3.630699999999986716e-02 1.539600000000007185e+00 1.539788774022464446e-03 2.903820914057250561e-04 8.472048967547180648e-04
7.919000000000120387e-04 -4.137300000000010414e-02 1.539400000000000546e+00 7.958062019567096329e-05 6.425710474906270835e-04 -9.718968591590922655e-04
1.008100000000011764e-03 -4.053600000000034953e-02 1.541400000000010095e+00 -3.864937047076098808e-04 1.080480293469997417e-03 -1.476595800729659479e-03
1.554200000000005577e-03 -4.363099999999953127e-02 1.546400000000005548e+00 4.092659099390306109e-04 9.562251508998193331e-04 -1.699084165494767640e-03
2.809200000000011688e-03 -3.740699999999996805e-02 1.542300000000011551e+00 7.945084907698277479e-05 9.598586993856492861e-04 -1.193337938897922126e-03
-1.897000000000148567e-04 -5.221000000000053376e-02 1.546299999999973807e+00 3.545264406398741710e-04 7.899550522116292883e-04 -7.570404297686560494e-04
5.218000000000000416e-03 -4.291899999999948534e-02 1.541699999999991633e+00 5.998474146320475868e-04 8.379629834265097527e-04 -3.537124586069826347e-04
5.073400000000005683e-03 -5.138100000000012102e-02 1.549900000000036471e+00 4.615298411651533924e-04 9.079264855619811198e-04 5.413018237400675850e-04
1.137559999999998572e-02 -3.790199999999988023e-02 1.550699999999949341e+00 -1.596599995935224676e-04 8.392790429461293583e-04 5.878013647242943777e-04
1.326369999999998939e-02 -3.799900000000011602e-02 1.554000000000030468e+00 -1.305370964821918247e-03 7.460271136857047486e-04 9.056675625201628024e-04
1.656659999999998689e-02 -3.165300000000037528e-02 1.550700000000006185e+00 -4.075274556836288274e-04 3.461136555628508554e-04 1.415028653156603054e-03
1.519370000000003218e-02 -3.590800000000005099e-02 1.544899999999984175e+00 2.362563237914949276e-03 6.285436359509781468e-05 6.762622619824306064e-04
1.457129999999998149e-02 -3.864599999999995816e-02 1.554500000000018645e+00 2.575252702081879275e-03 -3.579744951193956221e-04 9.439205422911166364e-04
1.307780000000000054e-02 -3.890399999999960556e-02 1.553699999999992087e+00 2.979452552972902332e-04 -8.426031911174247657e-04 -3.191410085195418422e-04
1.255540000000002210e-02 -3.532700000000055240e-02 1.556699999999977990e+00 -6.642852599567064704e-04 -7.102675803720547715e-04 1.603151059193653810e-03
1.183239999999999292e-02 -3.440299999999929526e-02 1.558899999999994179e+00 6.092904649117806930e-04 -1.015013752091212598e-03 -9.797532568502640218e-05
9.865600000000002145e-03 -3.770000000000006679e-02 1.562400000000025102e+00 2.673074608409834775e-04 -5.606575129506082000e-04 -2.688677430922326028e-04
7.516399999999978654e-03 -3.956600000000065620e-02 1.569099999999991724e+00 -5.096163551903043140e-04 -7.083676845321728102e-04 -4.441155986702974984e-05
7.139900000000004576e-03 -4.050999999999937984e-02 1.571599999999989450e+00 -3.071605151760083054e-04 -8.504832745955598003e-04 4.421392719161708167e-04
1.100439999999999752e-02 -3.055500000000055394e-02 1.577899999999999636e+00 -7.775797402760117449e-04 -1.034365220018229094e-03 6.407183787719718769e-04
7.336300000000017807e-03 -3.245299999999939899e-02 1.586500000000000909e+00 -1.573475911713317649e-03 -5.551873233896982215e-04 -1.591044749513066204e-03
6.173399999999995558e-03 -3.239400000000003388e-02 1.584400000000016462e+00 -5.753547044188478312e-04 6.322080390680703821e-04 -5.303103291183937622e-04
7.425899999999985290e-03 -3.598899999999982668e-02 1.591900000000009641e+00 5.266334806714736364e-04 9.707279382652313562e-04 -5.737706898464243728e-04
1.165120000000001432e-02 -3.088200000000007606e-02 1.596499999999991815e+00 4.580128017257099546e-04 3.812453471460693771e-04 1.287576645283174462e-03
1.327209999999999501e-02 -3.563600000000022305e-02 1.599100000000021282e+00 8.830033225030711665e-04 1.734564973599620266e-04 1.724715992021787561e-03
1.031700000000000672e-02 -3.537500000000015632e-02 1.602999999999951797e+00 1.946271564778932891e-03 2.932974816698260753e-04 1.659723070196171026e-03
4.490599999999997372e-03 -4.516800000000031901e-02 1.607300000000009277e+00 9.875891413541142659e-04 -1.121864909785046105e-06 2.663152022303466593e-04
3.250489999999994772e-03 -4.193999999999942219e-02 1.614200000000039381e+00 9.009227386986740256e-04 -2.121797547226341417e-03 -5.431584980874594806e-04
-3.334929999999999839e-03 -4.471999999999987097e-02 1.611400000000003274e+00 -4.241291486217256892e-04 -2.141648787663449991e-03 -9.372857071730704773e-04
-9.938660000000001937e-03 -4.426299999999994128e-02 1.623699999999985266e+00 -3.159462261946583382e-03 -3.973091916475643415e-04 -1.748017930350717185e-03
-1.458099999999989960e-03 -3.865899999999999892e-02 1.627099999999984448e+00 -3.280628118388845445e-03 5.107178718666417587e-04 1.220977049010502080e-03
-6.885000000000085496e-04 -4.173800000000049693e-02 1.628800000000012460e+00 -8.404757071217624359e-04 2.125843896477741524e-04 1.046491806570474126e-03
2.827700000000002434e-03 -3.593599999999952388e-02 1.628399999999999181e+00 1.317801358824082164e-03 2.783544197387678026e-04 1.432269061667249335e-03
1.872100000000001541e-03 -3.848300000000026699e-02 1.629799999999988813e+00 -3.230184208933726750e-05 3.413570595245741038e-04 7.693331074140712100e-04
3.051899999999996282e-03 -3.655900000000045225e-02 1.631599999999991724e+00 -4.184848027025016900e-04 1.997728834350950139e-04 -1.259632955427150702e-04
2.086770000000001679e-03 -4.187799999999963774e-02 1.625800000000026557e+00 2.043258596446080946e-04 4.883327372616078424e-04 1.349611541937951673e-04
2.346750000000008551e-03 -3.880600000000011818e-02 1.628499999999974079e+00 5.982522544880797700e-04 4.776531018101208559e-04 -1.441925650999507057e-03
2.373859999999991532e-03 -4.473099999999963217e-02 1.629400000000032378e+00 7.568497121548039630e-04 6.675986650453141075e-04 -7.881340435786513346e-04
9.140960000000003527e-03 -3.660900000000033572e-02 1.626599999999996271e+00 -1.786961754126684381e-03 8.524361099494859664e-04 1.114107848337772023e-03
1.054238000000000397e-02 -3.668500000000030070e-02 1.626599999999996271e+00 -1.106259415258381996e-03 1.376805532783652308e-04 8.912608978148333846e-04
1.021487000000000089e-02 -3.013099999999990786e-02 1.618599999999958072e+00 1.466763841980380650e-03 -3.088186476939598635e-04 1.233027531794560899e-03
5.763359999999995154e-03 -4.125299999999931799e-02 1.619900000000029650e+00 -1.083509981388876275e-04 1.122672216908367909e-05 -8.055185357094324025e-04
4.099339999999999928e-03 -3.728300000000039915e-02 1.613099999999974443e+00 1.341592874002133645e-03 -1.130583893717580085e-04 -2.387029240431280501e-03
4.852129999999996168e-03 -4.177099999999978053e-02 1.607300000000009277e+00 4.306218631316748556e-03 -7.404617029808432255e-04 -1.188618595243487105e-03
4.017060000000002851e-03 -3.963699999999992230e-02 1.611400000000003274e+00 -1.137965586346860718e-03 -8.673986125611954714e-04 -1.586789558044518055e-03
2.910349999999999049e-03 -3.920900000000049346e-02 1.607599999999990814e+00 -3.429101964216100130e-03 -8.655659849591147009e-04 -5.489013912825266382e-04
3.267110000000003622e-03 -3.041399999999949699e-02 1.617500000000006821e+00 -3.251296337235724462e-03 -1.063231871429576921e-03 -1.189239348975071418e-03
2.492929999999997370e-03 -2.710699999999999221e-02 1.606600000000014461e+00 1.256224392858013277e-03 -1.209559543437871334e-03 -4.810660345191677349e-04
1.663440000000002139e-03 -2.386400000000055144e-02 1.599699999999984357e+00 2.039122108435803722e-03 -1.818952311624531500e-03 6.564680798300820018e-04
5.986899999999989452e-04 -2.486199999999971766e-02 1.602900000000033742e+00 -1.566616977590307592e-03 -1.894190811045328793e-03 1.000021202284918660e-03
-2.523850000000001093e-03 -3.050800000000020162e-02 1.599699999999984357e+00 -8.701265965690885458e-04 -9.928282674541632699e-04 1.627806902491805768e-03
-4.491570000000000285e-03 -2.908699999999964092e-02 1.598099999999988086e+00 9.536824394773086785e-04 -4.342569660724790101e-04 2.779667536062569756e-04
-1.104685999999999862e-02 -3.582000000000018503e-02 1.594600000000014006e+00 8.985290900113958139e-04 -2.181090156493478878e-04 6.618922627068656722e-04
-1.016057000000000071e-02 -3.280300000000035965e-02 1.598599999999976262e+00 -5.742455816632125246e-05 -2.028400881355814367e-05 6.529903005298050289e-05
-1.229531000000000374e-02 -3.770199999999945817e-02 1.591499999999996362e+00 1.738073459218092073e-04 3.099227740167550052e-05 4.939626641243905977e-04
-1.063749999999999418e-02 -3.898799999999980059e-02 1.592900000000042837e+00 6.003985120424827756e-04 -3.246424480483943789e-05 6.479838478250206715e-04
-1.159633000000000191e-02 -3.921100000000077301e-02 1.590999999999951342e+00 6.604207806082262747e-04 -1.278146999359893420e-04 1.837658719057401122e-04
-1.180151000000000117e-02 -3.695199999999942975e-02 1.590700000000026648e+00 -3.578788328431131097e-04 7.444127413777472391e-05 4.967555991195202539e-04
-1.320000000000000340e-02 -3.722000000000047493e-02 1.591200000000014825e+00 1.004215606643734954e-03 7.027242785765308239e-05 -4.318957386280812896e-04
-9.919199999999989137e-03 -3.808200000000017127e-02 1.585299999999961074e+00 1.219784543251697115e-03 6.118650124442744087e-05 1.518394932803182086e-03
-9.774599999999994404e-03 -3.869999999999951257e-02 1.597700000000031650e+00 -1.484060641072571917e-03 1.253503410826991779e-04 1.357693353804811931e-03
-1.330470000000000264e-02 -3.968099999999985528e-02 1.597100000000011732e+00 -1.157617821883736523e-03 -1.202413526335110311e-04 1.667087399811443757e-03
-1.156160000000000521e-02 -3.448600000000023869e-02 1.597299999999961528e+00 6.976674641381120723e-04 4.574720549187314550e-05 5.482003358581368641e-04
-1.902960000000000762e-02 -4.140600000000027592e-02 1.605500000000006366e+00 8.795794053405609370e-04 3.684364680270127423e-04 -1.115737223399051320e-03
-1.702739999999999809e-02 -3.679100000000001813e-02 1.588700000000017099e+00 -1.248779648760433821e-03 4.891136472619656006e-04 -2.006467067424366063e-03
-2.007960000000000300e-02 -4.375899999999965928e-02 1.640100000000018099e+00 -2.932685798948971414e-04 5.028641233228723154e-04 -1.334669714362806889e-03
-1.481530000000000347e-02 -3.796800000000022379e-02 1.609899999999981901e+00 2.522306210830277699e-04 3.683933699886610819e-04 -4.024056407926591625e-04
-1.417590000000001904e-02 -3.812799999999949563e-02 1.555799999999976535e+00 7.978866152773852853e-04 2.307952533308452354e-04 1.798751979681630433e-04
-1.059849999999995518e-02 -3.440000000000065228e-02 1.606200000000001182e+00 2.465035442949599278e-04 2.807097252418421385e-04 -1.616863349112630799e-04
-7.813400000000025880e-03 -3.508200000000005758e-02 1.605600000000038108e+00 5.479684305194950766e-05 2.247808855028102367e-04 -3.820900159587610825e-04
-7.957300000000000484e-03 -3.399299999999971789e-02 1.614199999999982538e+00 -1.173695762721307977e-04 3.125117722103809971e-04 -1.152372322888185405e-03
-9.433999999999997943e-03 -3.664600000000017843e-02 1.613099999999974443e+00 -7.210264348258069167e-04 3.269328595631149602e-04 -1.291822324877316651e-03
-8.294099999999970940e-03 -3.702199999999944424e-02 1.620600000000024465e+00 6.150016129717723011e-04 2.667219355331934853e-04 -1.152853230141403021e-03
-7.878600000000013370e-03 -3.663000000000060652e-02 1.610399999999970078e+00 5.851282611247182828e-04 2.694735249376091143e-04 -8.637964419584671190e-04
-7.052200000000008462e-03 -3.803899999999948989e-02 1.616600000000005366e+00 -9.548022602557542683e-05 3.266528407262790971e-04 -7.462642764240383451e-04
-5.436400000000007893e-03 -3.485000000000049170e-02 1.617900000000020100e+00 -9.197640875912974946e-04 2.533259534373148757e-04 -1.245306013689155339e-03
-4.204399999999997029e-03 -3.283099999999983254e-02 1.620200000000011187e+00 -7.186549054343433808e-04 3.895683435783195165e-04 -1.125844437876115335e-03
-3.142099999999981019e-03 -3.176600000000018298e-02 1.629999999999995453e+00 6.660074266146508680e-04 3.884484663302459079e-04 -6.612876566430112187e-04
1.069999999997461870e-05 -3.549599999999930589e-02 1.622000000000014097e+00 -1.447804023519458209e-04 2.517545682163542606e-04 -2.246969747706157108e-05
