-5.551114999999999755e-17 0.000000000000000000e+00 2.220445999999999902e-16 1.704637999999999951e-10 -3.562502999999999769e-10 1.197625000000000039e-11
1.289128000000000062e-03 -1.821615999999999860e-02 1.310643000000000002e+00 -2.101170860132137576e-04 -1.325646387282394074e-03 9.037973288479346891e-04
4.448325999999999734e-04 -4.203318000000000332e-02 2.625299000000000049e+00 -5.538214956385558276e-04 -1.859720104280616730e-03 1.647378616627097597e-03
2.037581000000000114e-03 -6.302800999999999543e-02 3.941730000000000178e+00 -7.312198621644843029e-04 -5.361920197451880204e-04 3.413854221001464979e-03
2.777892000000000122e-03 -8.483760999999999386e-02 5.261016999999999832e+00 -6.434005329186906486e-04 -8.141188586882917638e-04 3.635881429523795533e-03
4.157927999999999971e-03 -1.014677999999999969e-01 6.581637999999999877e+00 -5.162247284812632913e-04 -1.640787770122813282e-03 3.926077555067269097e-03
7.571022000000000168e-03 -1.165873999999999938e-01 7.908775000000000333e+00 -4.169877186862114109e-04 -2.694457214566742774e-03 5.505205882281567244e-03
8.323818000000000189e-03 -1.328034999999999910e-01 9.238962000000000785e+00 -5.975634727929722643e-04 -3.583045675099418188e-03 5.186718705003728891e-03
7.728338999999999868e-03 -1.497649000000000064e-01 1.056963000000000008e+01 -8.604721946238981988e-04 -1.867106060080286770e-03 4.632496768505196816e-03
6.780918000000000362e-03 -1.634547000000000083e-01 1.190426000000000073e+01 -9.601050730753397759e-04 7.842220051625636281e-04 1.900056703582537945e-03
3.419394999999999987e-03 -1.767479999999999885e-01 1.324207999999999963e+01 -6.218679770128021644e-04 1.724973888009225702e-03 -1.544661942078289418e-03
-1.862181999999999987e-03 -1.959201999999999888e-01 1.458047999999999966e+01 -5.304803929118827744e-04 1.579139675979640556e-03 -3.963403313901322361e-03
-5.851755000000000151e-03 -2.177601999999999871e-01 1.593065999999999960e+01 -3.869435354656751620e-04 8.728856621153475775e-04 -5.190175539404122927e-03
-4.267715000000000050e-03 -2.364140000000000130e-01 1.728221999999999881e+01 2.876765602031382062e-05 -1.769063984290891820e-03 -2.993146319757354189e-03
4.827890000000000154e-04 -2.537475000000000147e-01 1.863468999999999909e+01 2.524924145736919391e-04 -3.998226553427898684e-03 8.983765046772519127e-04
5.006085999999999869e-03 -2.699100999999999861e-01 1.998669999999999902e+01 -3.959221728608191187e-05 -1.831393064435764186e-03 3.638722142185848649e-03
4.134686000000000264e-03 -2.931092000000000142e-01 2.134127000000000152e+01 -2.320356422428211641e-04 5.539281392186361577e-04 5.119157367761788084e-03
-7.654744999999999909e-04 -3.222297000000000078e-01 2.270574999999999832e+01 4.262624119601184222e-04 2.066803416295271562e-03 2.849659954301177189e-03
-7.369324000000000013e-03 -3.468119000000000063e-01 2.407209999999999894e+01 1.245425726048120805e-03 7.660729986971195980e-04 -1.415313415143922568e-04
-9.719264000000000028e-03 -3.687424000000000257e-01 2.544867999999999952e+01 1.942087797033519806e-03 -5.427270570737234047e-03 -1.451177909939313027e-03
-5.061180999999999666e-03 -3.871398999999999813e-01 2.682029999999999959e+01 2.369275502962100901e-03 -5.465316981045717330e-03 1.037945715427067385e-03
1.962273000000000055e-03 -4.099384999999999835e-01 2.819472000000000023e+01 1.951331060975020548e-03 -3.887916943517486304e-03 5.331457711736019463e-03
5.281593000000000225e-03 -4.328976999999999964e-01 2.957011999999999929e+01 1.984894951007406573e-03 -1.317193331623995331e-03 5.930663184967909993e-03
7.939023999999999387e-03 -4.591179000000000232e-01 3.094983999999999824e+01 2.396699320098137197e-03 9.754602080269481404e-04 6.179685457843678634e-03
6.827075999999999631e-03 -4.850132999999999805e-01 3.233530999999999977e+01 3.173283388355041534e-03 1.385713450465266656e-03 2.868678761186147473e-03
8.305167000000000452e-03 -5.122366999999999893e-01 3.371779999999999688e+01 3.569861458715116367e-03 3.499504159701917558e-03 1.929111039861330229e-03
1.017340000000000085e-02 -5.431160000000000432e-01 3.511082999999999998e+01 3.498461705762982363e-03 3.963102482611818161e-03 1.035320326777820462e-03
1.211940000000000066e-02 -5.746232999999999480e-01 3.650789000000000328e+01 3.408973339302590402e-03 1.659242782778999181e-03 9.619589310013855303e-04
1.511477999999999954e-02 -5.999006000000000061e-01 3.790588999999999942e+01 2.986148561765053413e-03 6.045352243287173568e-05 1.891380977446403616e-04
1.696850999999999915e-02 -6.238525999999999794e-01 3.930156000000000205e+01 2.962675663806100049e-03 3.789502240301428210e-04 -2.513428001606568454e-03
1.942949000000000065e-02 -6.437119999999999509e-01 4.070436999999999728e+01 3.101415563146168314e-03 5.613031480448119536e-04 -5.049857217706859094e-03
1.916344000000000034e-02 -6.707246000000000041e-01 4.211099999999999710e+01 3.111051896137268652e-03 5.033622797835534448e-05 -7.203593691699345693e-03
2.134430999999999828e-02 -6.941319999999999713e-01 4.351858000000000004e+01 2.843624994159355424e-03 -2.285387090253183560e-04 -8.309092273208336724e-03
2.622363999999999945e-02 -7.178581000000000545e-01 4.492820999999999998e+01 2.412261316573882739e-03 1.830540962161715990e-04 -7.259361129090695364e-03
3.086035999999999987e-02 -7.390250000000000430e-01 4.634127000000000152e+01 1.720934398767802768e-03 8.074730822457001174e-04 -6.424904517994625870e-03
3.408031000000000255e-02 -7.610314999999999719e-01 4.775704000000000349e+01 7.616191812231979611e-04 6.598169056196168949e-05 -5.800154400283885972e-03
3.359220999999999735e-02 -7.839855999999999492e-01 4.917963000000000306e+01 -2.411952676813907087e-04 -7.926521487322201430e-04 -6.010412216380015167e-03
3.175531999999999661e-02 -8.056349999999999900e-01 5.060217999999999705e+01 -1.303818086540984005e-03 -1.052800190101055343e-03 -6.647592980716822766e-03
2.895794999999999966e-02 -8.265407999999999644e-01 5.202830999999999761e+01 -2.479483101146312020e-03 -6.739965503207636256e-04 -6.636651560361596022e-03
2.536976999999999982e-02 -8.453836000000000128e-01 5.345716000000000179e+01 -3.588315382007849740e-03 -1.954124151269537053e-03 -6.875864664928880814e-03
2.082938000000000150e-02 -8.668316000000000354e-01 5.488463999999999743e+01 -4.387438833398267513e-03 -2.921099180022260471e-03 -5.484356862014098249e-03
1.680869999999999934e-02 -8.868800000000000017e-01 5.631660000000000110e+01 -5.028619089104795388e-03 -2.833041629689348525e-03 -3.988930710573386496e-03
1.322910000000000058e-02 -9.072441999999999451e-01 5.774549999999999983e+01 -5.654489040632579289e-03 -2.396850153574301995e-03 -1.705851851116701188e-03
1.007535000000000028e-02 -9.249469000000000163e-01 5.917365000000000208e+01 -5.730823171378384914e-03 -2.834409687526738639e-03 -3.587021552944940294e-04
6.524254999999999638e-03 -9.446035000000000403e-01 6.060318000000000183e+01 -5.300845898010735427e-03 -3.472049056121493792e-03 8.549075631351175496e-04
2.764210000000000018e-03 -9.647483999999999504e-01 6.202794999999999703e+01 -4.917992169355220322e-03 -4.102197475776727179e-03 1.878988954387618903e-03
-1.308242999999999949e-03 -9.878099999999999659e-01 6.345197999999999894e+01 -4.488835263221388309e-03 -3.669137210600982232e-03 3.809067905181738340e-03
-2.873604000000000089e-03 -1.008175000000000043e+00 6.487187000000000126e+01 -4.008224633617009022e-03 -2.820931708285239533e-03 5.307572228723224372e-03
-5.953934000000000136e-03 -1.029700000000000060e+00 6.628940000000000055e+01 -3.359609908899295182e-03 -2.251724950990963148e-03 5.228083062388742298e-03
-1.002030999999999929e-02 -1.050202999999999998e+00 6.770310999999999524e+01 -2.553144515973470793e-03 -2.316105974763311027e-03 3.488394547956905241e-03
-1.936440000000000036e-02 -1.076074999999999893e+00 6.911593000000000586e+01 -2.068787253961206114e-03 -3.650437097339595018e-03 6.556896302924426854e-04
-2.702275000000000163e-02 -1.097831000000000001e+00 7.053000000000000114e+01 -1.287987160422001624e-03 -4.960925175992733117e-03 -3.006483450564149257e-03
-3.513441999999999954e-02 -1.118230999999999975e+00 7.193977999999999895e+01 -5.287493405904746761e-04 -5.510851758613944870e-03 -6.657070636821040520e-03
-4.214650000000000341e-02 -1.135987000000000080e+00 7.333986000000000161e+01 1.358850792581876637e-04 -5.112835379368694914e-03 -1.115239742393030892e-02
-4.677589000000000052e-02 -1.153310999999999975e+00 7.474245000000000516e+01 8.503331487177033998e-04 -4.621067267995950488e-03 -1.422133123743248191e-02
-5.327678000000000275e-02 -1.177226000000000106e+00 7.614449999999999363e+01 1.544973147473441060e-03 -4.344514532945353488e-03 -1.637344645824999334e-02
-5.458510999999999919e-02 -1.197942000000000062e+00 7.754079000000000121e+01 1.883640999202563582e-03 -4.472360021071355475e-03 -1.664688606354486691e-02
-5.287324999999999664e-02 -1.218034999999999979e+00 7.893496000000000379e+01 2.040533286749698395e-03 -4.635601480566861089e-03 -1.541202562384881222e-02
-4.954250000000000320e-02 -1.236655000000000060e+00 8.032545000000000357e+01 1.959383539176872725e-03 -3.684611308703854542e-03 -1.424402931956357359e-02
-4.883211999999999969e-02 -1.258286999999999933e+00 8.171094999999999686e+01 1.677226341924628345e-03 -3.560732360740939337e-03 -1.349627511098035020e-02
-4.838806999999999831e-02 -1.278675999999999924e+00 8.309721000000000402e+01 1.448474154186937249e-03 -3.833200403484491627e-03 -1.354014303255523383e-02
-5.269072999999999812e-02 -1.300030999999999937e+00 8.448367000000000360e+01 9.085395104016618902e-04 -3.317817031728207983e-03 -1.308349538844698866e-02
-6.072004000000000290e-02 -1.320244999999999891e+00 8.586562000000000694e+01 1.870485697488558845e-04 -3.681210339448872521e-03 -1.343588614901484492e-02
-7.518041999999999780e-02 -1.343695000000000084e+00 8.725015000000000498e+01 -7.454564419354112528e-04 -4.397282969272542190e-03 -1.305118755939749589e-02
-8.437619999999999842e-02 -1.362981999999999916e+00 8.862909000000000503e+01 -1.878004154859104664e-03 -5.458617317319345089e-03 -1.092062055907100371e-02
-9.813228999999999702e-02 -1.382640000000000091e+00 9.000633999999999446e+01 -3.086710660740199855e-03 -6.176224039932894788e-03 -8.771824280728994852e-03
-1.110474999999999934e-01 -1.399780999999999942e+00 9.137524000000000513e+01 -3.711720171519664307e-03 -6.342167518339983899e-03 -6.779820332498444346e-03
-1.283351000000000075e-01 -1.418058999999999958e+00 9.274128000000000327e+01 -4.188859384148022058e-03 -5.663689212710189269e-03 -5.486104579843614423e-03
-1.454602999999999868e-01 -1.435964000000000018e+00 9.410339000000000453e+01 -4.468565928285862972e-03 -5.144012612269075607e-03 -4.259287225833583226e-03
-1.697047999999999890e-01 -1.456190000000000095e+00 9.546075999999999340e+01 -4.604836298574633072e-03 -4.762681797430817071e-03 -4.919596922336399135e-03
-1.913409000000000082e-01 -1.476212999999999997e+00 9.681382000000000687e+01 -4.487461999050954692e-03 -4.070448025223646037e-03 -4.720375987976542335e-03
-2.120314000000000088e-01 -1.496477999999999975e+00 9.816545000000000698e+01 -4.246297323673714139e-03 -3.395402592615997563e-03 -5.447690331923441681e-03
-2.344055999999999917e-01 -1.517682999999999893e+00 9.951512999999999920e+01 -3.876982689843328899e-03 -3.524918200987576123e-03 -7.047287505842994397e-03
-2.485715000000000008e-01 -1.534999000000000002e+00 1.008602999999999952e+02 -3.627258559268787055e-03 -4.900162687572411774e-03 -7.511607690176358779e-03
-2.694020999999999777e-01 -1.556017999999999901e+00 1.022053999999999974e+02 -3.458376896981084012e-03 -6.459667642120357420e-03 -8.811641001494553010e-03
-2.867601000000000178e-01 -1.575247000000000064e+00 1.035459000000000032e+02 -3.413340938842835022e-03 -5.149980834452846414e-03 -8.284820809405650174e-03
-3.053255999999999748e-01 -1.596046000000000076e+00 1.048845000000000027e+02 -3.338221642507647937e-03 -2.507098589784982710e-03 -8.165640558992605727e-03
-3.153954999999999953e-01 -1.613299000000000039e+00 1.062207999999999970e+02 -3.387365400818243433e-03 -1.330447363023587546e-03 -7.628886867411952682e-03
-3.343086000000000113e-01 -1.638432000000000111e+00 1.075652999999999935e+02 -3.239064852321200862e-03 -2.634822004113520494e-03 -5.496451883293651183e-03
-3.508130999999999888e-01 -1.661275000000000057e+00 1.089064000000000050e+02 -2.625915565422994383e-03 -4.744801783327480017e-03 -3.129662482531652291e-03
-3.737761000000000000e-01 -1.686738999999999988e+00 1.102446000000000055e+02 -1.709544858290610366e-03 -5.406549466066707006e-03 -1.552225278532318913e-03
-3.943149000000000237e-01 -1.710102000000000011e+00 1.115765999999999991e+02 -1.000195968099830066e-03 -3.960479183781361046e-03 -6.722041436073329787e-04
-4.137128999999999945e-01 -1.733997000000000011e+00 1.129050000000000011e+02 -3.337545214883566374e-04 -1.556832679393874022e-03 -2.580684142099014169e-03
-4.219683000000000184e-01 -1.753986000000000045e+00 1.142286000000000001e+02 7.482829344801455703e-04 6.455749523652101274e-04 -4.532204556398207636e-03
-4.295899000000000245e-01 -1.775004000000000026e+00 1.155601000000000056e+02 2.161284470242479366e-03 8.754176953981594907e-04 -7.568396976869369054e-03
-4.334779000000000271e-01 -1.794229999999999992e+00 1.168930000000000007e+02 3.596955745230089214e-03 -1.292099354629860745e-03 -9.001554540603921156e-03
-4.334150999999999976e-01 -1.811793999999999905e+00 1.182274000000000029e+02 4.667362187662523962e-03 -3.727164488174843256e-03 -9.097510339118203629e-03
-4.306136999999999881e-01 -1.825846999999999998e+00 1.195613000000000028e+02 5.449620113082185614e-03 -4.424727269497277619e-03 -8.102200865216176856e-03
-4.334145999999999832e-01 -1.846322000000000019e+00 1.209044999999999987e+02 6.469027306837767458e-03 -3.668987031067833058e-03 -8.611184325947360274e-03
-4.472932000000000019e-01 -1.880929000000000073e+00 1.222683999999999997e+02 7.709362554053271130e-03 -3.183684426751556395e-03 -1.037534881923332306e-02
-4.560743999999999909e-01 -1.910029999999999895e+00 1.236242000000000019e+02 8.849870390909888793e-03 -2.797302726030128153e-03 -1.240579720817365852e-02
-4.622549000000000241e-01 -1.940325000000000077e+00 1.249835000000000065e+02 9.963298451674994921e-03 -1.716443832073336452e-03 -1.315541877672820985e-02
-4.641329000000000149e-01 -1.966294999999999904e+00 1.263371000000000066e+02 1.105117197576693279e-02 -1.139845231818283544e-03 -1.424596080586340054e-02
-4.708494999999999764e-01 -2.006025999999999865e+00 1.276924999999999955e+02 1.195782982753560396e-02 -8.676733345601164932e-04 -1.340654741512127546e-02
-4.718093999999999899e-01 -2.038342999999999794e+00 1.290495999999999981e+02 1.273031129481834618e-02 -1.649653764900954481e-03 -1.288695427750589061e-02
-4.742799999999999794e-01 -2.073189000000000171e+00 1.304070000000000107e+02 1.357788538837088367e-02 -3.166749318965920469e-03 -1.193395283664347960e-02
-4.701254000000000266e-01 -2.099489000000000161e+00 1.317556999999999903e+02 1.389675013255570191e-02 -3.235389671582833589e-03 -1.093793586794892213e-02
-4.656936999999999882e-01 -2.127702000000000204e+00 1.331097000000000037e+02 1.387310615806919972e-02 -3.625229938819200977e-03 -8.863805717681276161e-03
-4.651027999999999829e-01 -2.162932000000000077e+00 1.344613999999999976e+02 1.354887126496711822e-02 -4.154073897843134355e-03 -7.199777709556869944e-03
-4.661197000000000257e-01 -2.198388000000000009e+00 1.358146000000000129e+02 1.300545066319353828e-02 -3.793562233147353309e-03 -5.686461771660078143e-03
-4.644952999999999999e-01 -2.226309000000000093e+00 1.371605999999999881e+02 1.174970110996819903e-02 -3.722659391391730348e-03 -4.092676767368181104e-03
-4.645722999999999936e-01 -2.254853999999999914e+00 1.385124000000000137e+02 1.067869238297663829e-02 -4.736405553662084884e-03 -2.842470834515381864e-03
-4.641807000000000016e-01 -2.281749000000000027e+00 1.398625999999999863e+02 9.656854440989650484e-03 -5.052533544992454488e-03 -1.276909671980837194e-03
-4.674418000000000184e-01 -2.314865999999999868e+00 1.412128999999999905e+02 8.355390941129345328e-03 -4.965554236936000829e-03 -5.268922373957665066e-04
-4.704574000000000256e-01 -2.341886000000000134e+00 1.425621999999999900e+02 7.102276003951682112e-03 -4.505016380832954290e-03 -2.612767590776029765e-04
-4.747020000000000128e-01 -2.367455000000000087e+00 1.439098999999999933e+02 6.061198790812259707e-03 -4.006249741295037428e-03 1.219024868063155810e-04
-4.789012999999999742e-01 -2.395023999999999820e+00 1.452578000000000031e+02 5.074890586422809054e-03 -2.232537923097550805e-03 1.762941401679776320e-03
-4.813925000000000010e-01 -2.426593000000000000e+00 1.466011000000000024e+02 3.947415471110664494e-03 -7.925721789226458647e-04 7.295609543690136957e-03
-4.844149999999999845e-01 -2.462969000000000186e+00 1.479538000000000011e+02 2.802863810028317915e-03 -3.608260693397421798e-03 1.408608728021970742e-02
-4.832843000000000000e-01 -2.489365999999999968e+00 1.493029999999999973e+02 1.320195019196418896e-03 -4.543891659381135185e-03 2.172653500042914451e-02
-4.887986000000000275e-01 -2.518616999999999884e+00 1.506480999999999995e+02 1.332439923482486703e-04 -2.113373484309155701e-03 2.505181592891264283e-02
-4.979854000000000225e-01 -2.545627999999999780e+00 1.519917000000000087e+02 3.807428669390460992e-04 1.884704024301777888e-03 2.513589228850376597e-02
-5.139896999999999938e-01 -2.581792000000000087e+00 1.533372999999999990e+02 1.248830592134605056e-03 3.645136987276059292e-03 2.159374204507821110e-02
-5.203404999999999836e-01 -2.611885000000000012e+00 1.546843000000000075e+02 2.001953542330705844e-03 3.630068999378808624e-03 2.134080057319301046e-02
-5.188374000000000041e-01 -2.641449000000000158e+00 1.560329000000000121e+02 2.609292210820560263e-03 4.795238091836686212e-04 2.406304451795507685e-02
-5.104870000000000241e-01 -2.666163000000000061e+00 1.573829000000000065e+02 3.081821747051154223e-03 -2.776580557942297245e-03 2.950804625027531047e-02
-4.996047000000000127e-01 -2.689150000000000151e+00 1.587318999999999960e+02 3.070741512271467095e-03 -3.494318041834889015e-03 3.366279482438778309e-02
-4.908893999999999758e-01 -2.711383000000000099e+00 1.600785999999999945e+02 3.006831020428935627e-03 -3.864773664651706669e-03 3.545840647097040638e-02
-4.848759000000000263e-01 -2.736779999999999990e+00 1.614290000000000020e+02 3.821956688531882602e-03 -4.248707657905204278e-03 3.390163204481847631e-02
-4.836516000000000148e-01 -2.760603999999999836e+00 1.627787999999999897e+02 5.043756122891547566e-03 -3.909716107012494064e-03 2.996220259395794561e-02
-4.767802999999999902e-01 -2.787253999999999898e+00 1.641295000000000073e+02 5.992368728958951882e-03 -1.518786572474340119e-03 2.653796640122155562e-02
-4.687839999999999785e-01 -2.810667000000000026e+00 1.654807000000000130e+02 6.750279728552522653e-03 -6.776078433008058061e-04 2.370126461448426869e-02
-4.599264000000000130e-01 -2.835557999999999801e+00 1.668389999999999986e+02 7.145496604700602404e-03 -2.022975430158717447e-03 2.168878608953761847e-02
-4.494839999999999947e-01 -2.861985999999999919e+00 1.681999999999999886e+02 6.919455706877745277e-03 -1.825344004076259090e-03 2.005109731212967664e-02
-4.424437999999999982e-01 -2.886559999999999793e+00 1.695602000000000089e+02 6.434457680218360134e-03 5.943430482635334673e-04 1.813818830784771560e-02
-4.389717000000000202e-01 -2.914239999999999942e+00 1.709198000000000093e+02 5.933160589411957432e-03 3.510457341062845748e-03 1.465627556128941238e-02
-4.111542999999999726e-01 -2.932730999999999977e+00 1.722840999999999951e+02 5.740349253505621502e-03 4.820727694676864121e-03 9.761283823664129028e-03
-3.881120000000000125e-01 -2.960770999999999820e+00 1.736528000000000134e+02 6.037091225370338349e-03 3.980545331073161337e-03 5.167295073331030185e-03
-3.779300999999999910e-01 -2.986448000000000214e+00 1.750290999999999997e+02 6.567288663822336628e-03 1.505773571708019865e-03 1.838038076643487518e-03
-3.588781999999999806e-01 -3.008538999999999852e+00 1.764086000000000070e+02 6.696071583977393840e-03 -4.701385036301857770e-04 1.474495700809693192e-03
-3.405308000000000224e-01 -3.013913000000000064e+00 1.777852000000000032e+02 5.909534080369313776e-03 -1.816912978212020021e-03 4.328946577340484630e-03
-3.214041999999999732e-01 -3.022952999999999779e+00 1.791606999999999914e+02 4.231992324945916054e-03 -1.671888691173560506e-03 6.885842004981902569e-03
-3.136545000000000027e-01 -3.041122999999999799e+00 1.805420000000000016e+02 2.170155094998929297e-03 2.437952350231238283e-03 7.314671791069229240e-03
-3.089994999999999825e-01 -3.062100000000000044e+00 1.819214000000000055e+02 6.762887983452209187e-04 6.947941140094907909e-03 6.253899765069230454e-03
-3.140564000000000133e-01 -3.088157999999999959e+00 1.833097999999999956e+02 7.625380372012370144e-05 7.868796504222088511e-03 1.472611206359386148e-03
-3.186557999999999891e-01 -3.114466000000000179e+00 1.847039000000000044e+02 -4.985675695058724456e-05 6.476364449295307635e-03 -2.593557467705481789e-03
-3.141304999999999792e-01 -3.137554999999999872e+00 1.860994000000000028e+02 2.334273496389637772e-04 3.405592493580447168e-03 -4.302752418507701550e-03
-3.087276999999999938e-01 -3.164477999999999902e+00 1.874987999999999886e+02 6.512888592016454620e-04 1.231497347754044545e-03 -5.090249772687419072e-03
-3.089327000000000045e-01 -3.193944999999999812e+00 1.889002999999999872e+02 7.330863886018942422e-04 4.171904888510947042e-04 -4.448433141701038825e-03
-3.070210999999999912e-01 -3.221858000000000111e+00 1.903048000000000002e+02 6.755492998986984375e-04 -3.634327100993658770e-04 -2.954261699586941455e-03
-3.030042000000000013e-01 -3.250529999999999919e+00 1.917127999999999872e+02 6.633032343735462480e-04 -8.003941532029070199e-04 -3.672564303910610560e-04
-3.007558000000000176e-01 -3.281162000000000134e+00 1.931212999999999909e+02 1.039530561130529510e-03 -8.102726141197138599e-04 2.295946853580872749e-03
-2.979338000000000264e-01 -3.314134999999999831e+00 1.945397000000000105e+02 1.369559567609132450e-03 -1.772738912288334334e-03 5.291926155047611650e-03
-2.945301000000000169e-01 -3.344374999999999876e+00 1.959592000000000098e+02 1.771599319381019248e-03 -3.580286725959145027e-03 9.362418379933033774e-03
-2.955048000000000119e-01 -3.384557000000000038e+00 1.973808999999999969e+02 1.997371321508804778e-03 -3.617332754021653288e-03 1.279802391422237527e-02
-2.998637000000000108e-01 -3.419364999999999988e+00 1.988010999999999910e+02 2.233358316822002618e-03 6.040287510041645073e-04 1.094507075071491503e-02
-3.150033999999999890e-01 -3.471363000000000198e+00 2.002241999999999962e+02 2.705832630671252664e-03 6.220778061797112291e-03 4.421623854502091874e-03
-3.321987000000000134e-01 -3.515079000000000065e+00 2.016572999999999922e+02 3.867102510124593041e-03 6.735852186454316902e-03 -4.911689430118916511e-03
-3.485808000000000240e-01 -3.555575999999999848e+00 2.030947999999999922e+02 5.303162500136523495e-03 2.527299550629229924e-03 -1.317845448645614363e-02
-3.518432000000000226e-01 -3.580327000000000037e+00 2.045324999999999989e+02 6.089269390010488767e-03 1.386889936264301150e-04 -1.466144559639702763e-02
-3.481358999999999981e-01 -3.604083000000000148e+00 2.059704000000000121e+02 5.556536384635540372e-03 1.752366916333026323e-04 -1.262584538693299618e-02
-3.438313000000000064e-01 -3.628674000000000177e+00 2.074182999999999879e+02 4.390285939780985518e-03 1.122393953432521612e-04 -9.535078879488295342e-03
-3.421980000000000022e-01 -3.650885999999999854e+00 2.088678999999999917e+02 3.265362700689216236e-03 1.791659924763962968e-04 -7.056221590124714393e-03
-3.429637999999999853e-01 -3.674360000000000070e+00 2.103232000000000141e+02 2.746372904514428163e-03 1.054972166404528986e-03 -7.418407372911692971e-03
-3.479510000000000103e-01 -3.708944999999999936e+00 2.117848999999999933e+02 2.639872163151186710e-03 9.180182235852855314e-04 -8.863692765036682714e-03
-3.533161000000000218e-01 -3.741769000000000123e+00 2.132452999999999861e+02 2.524500715437359363e-03 -6.078905074272271717e-05 -1.011643285219331403e-02
-3.575808999999999793e-01 -3.778064999999999785e+00 2.147142000000000053e+02 2.287638957235760533e-03 7.338613864675396783e-05 -9.528199238655436776e-03
-3.574839000000000211e-01 -3.809987000000000013e+00 2.161863999999999919e+02 1.882101047561095426e-03 1.472665450541046483e-03 -9.106872195278972043e-03
-3.559811999999999976e-01 -3.837086999999999914e+00 2.176614999999999895e+02 1.687678785651368363e-03 1.567357559550445817e-03 -8.356680986313570758e-03
-3.604881999999999809e-01 -3.867618999999999918e+00 2.191418999999999926e+02 1.240727224431229956e-03 1.221145284811910470e-03 -8.709512838173142854e-03
-3.669046999999999725e-01 -3.899694000000000216e+00 2.206192000000000064e+02 8.939233497360280336e-04 1.766652989497556874e-03 -8.742173231959651791e-03
-3.711882000000000237e-01 -3.933170000000000055e+00 2.221052999999999997e+02 6.937205842736395532e-04 2.036553378462293163e-03 -8.792910144234335548e-03
-3.755067999999999739e-01 -3.961695999999999884e+00 2.235894000000000119e+02 3.480357820191936616e-04 1.976627259278355194e-03 -9.892177848690002218e-03
-3.771502999999999939e-01 -3.990502999999999911e+00 2.250789000000000044e+02 3.060769570145238125e-06 2.380071170030046562e-03 -9.535410564381221685e-03
-3.787707000000000157e-01 -4.017066999999999943e+00 2.265690999999999917e+02 -2.604540712911849478e-04 2.264918939065514464e-03 -1.003887482869676023e-02
-3.785265999999999909e-01 -4.048136000000000401e+00 2.280602000000000089e+02 -3.650922234908191878e-04 2.127620541315479626e-03 -9.095511657683380546e-03
-3.786613999999999813e-01 -4.075078000000000422e+00 2.295510999999999910e+02 -2.576870735072012359e-04 2.764807369601667616e-03 -7.841116605498726216e-03
-3.766086000000000156e-01 -4.099044000000000132e+00 2.310454000000000008e+02 -8.900690788498916010e-05 2.414919299232391216e-03 -6.709210746324961207e-03
-3.745701000000000169e-01 -4.124994000000000050e+00 2.325421000000000049e+02 1.128454575046461682e-04 1.666319779992101163e-03 -5.120157499091782839e-03
-3.739625999999999784e-01 -4.153623999999999761e+00 2.340378000000000043e+02 1.048822835212485010e-04 1.231555355825597348e-03 -4.961726281617317644e-03
-3.764692000000000038e-01 -4.186333000000000304e+00 2.355389999999999873e+02 2.022161021885392364e-05 1.389784494710527346e-03 -5.337973437387753817e-03
-3.784077000000000135e-01 -4.220226000000000255e+00 2.370446000000000026e+02 2.363453228079652013e-04 2.625314083818637914e-03 -6.027604198436481431e-03
-3.814943000000000084e-01 -4.253314999999999735e+00 2.385499000000000080e+02 7.680290850463367689e-04 1.833169072215032292e-03 -7.299420933040975251e-03
-3.829064999999999830e-01 -4.285388000000000197e+00 2.400603000000000122e+02 1.421637748230173684e-03 -5.892762434441515705e-04 -7.615977137301558481e-03
-3.820923999999999987e-01 -4.315102999999999689e+00 2.415712000000000046e+02 1.934964035528750903e-03 -9.725282095923743365e-04 -7.347145846295454960e-03
-3.818796999999999886e-01 -4.347138000000000169e+00 2.430872999999999990e+02 2.404238820685239333e-03 6.227482501611620843e-04 -7.594970979486334421e-03
-3.796393000000000129e-01 -4.377646000000000370e+00 2.446020000000000039e+02 2.950408026585017024e-03 1.989577249625235598e-03 -7.559228330529018519e-03
-3.770780000000000243e-01 -4.404696000000000389e+00 2.461230999999999938e+02 3.260446639523103488e-03 1.537157610462484966e-03 -8.589366023509988415e-03
-3.721572000000000213e-01 -4.432021999999999906e+00 2.476476999999999862e+02 3.326846689296397794e-03 5.968841282294506034e-04 -8.099837159506961815e-03
-3.683885000000000076e-01 -4.458218999999999710e+00 2.491682000000000130e+02 3.022568699174557876e-03 -1.440039036188870694e-04 -8.180198576782761813e-03
-3.658944000000000085e-01 -4.487063000000000024e+00 2.506964000000000112e+02 2.798121889875075739e-03 -4.745749048340447266e-04 -8.507290580626972534e-03
-3.629857000000000222e-01 -4.511300999999999561e+00 2.522240999999999929e+02 2.839536294364662997e-03 -5.680798346236948975e-04 -9.973289001103608289e-03
-3.598898999999999848e-01 -4.535745000000000360e+00 2.537570000000000050e+02 3.044273208153526651e-03 -5.963360284248235207e-04 -1.095329135460304006e-02
-3.565283000000000202e-01 -4.558441000000000187e+00 2.552884999999999991e+02 2.931938792492461664e-03 -6.206596455969342783e-04 -1.155370001152134472e-02
-3.518993999999999733e-01 -4.584939999999999571e+00 2.568229999999999791e+02 2.944509623890324054e-03 -9.406383599115405005e-04 -9.975883865278331250e-03
-3.474488000000000021e-01 -4.611577999999999733e+00 2.583611999999999966e+02 2.849632814497087344e-03 -1.846165114526384992e-03 -8.479232457339253015e-03
-3.407994999999999775e-01 -4.637603999999999616e+00 2.599003000000000156e+02 2.911633938700954917e-03 -2.865671793742419204e-03 -5.657427356610383179e-03
-3.346776000000000195e-01 -4.662237000000000187e+00 2.614352000000000089e+02 2.589970453725671650e-03 -2.088633445138619871e-03 -4.116770792800240018e-03
-3.291337999999999764e-01 -4.686550999999999689e+00 2.629730999999999881e+02 2.307494596295073426e-03 -6.765815576099938698e-04 -2.889044673925104858e-03
-3.253737999999999908e-01 -4.715745000000000076e+00 2.645113000000000056e+02 2.883674769346387945e-03 -2.484080447667304757e-03 -9.427327145556921219e-04
-3.249045999999999879e-01 -4.748173000000000421e+00 2.660572000000000230e+02 3.329210958954979642e-03 -5.011518980718078324e-03 1.067302443958174701e-04
-3.208178999999999892e-01 -4.788371999999999851e+00 2.675980999999999881e+02 3.459448631762363727e-03 -4.008469663439284160e-03 2.052252051812480590e-03
-3.173943000000000181e-01 -4.824678999999999718e+00 2.691376999999999953e+02 3.750896293399096342e-03 -2.472457541037273096e-03 2.899441040984862203e-03
-3.166024000000000060e-01 -4.866051999999999822e+00 2.706770999999999958e+02 4.396020632697215415e-03 -2.390469229744313952e-03 1.927542672247549264e-03
-3.155942999999999943e-01 -4.906588000000000171e+00 2.722185000000000059e+02 5.479851170512987403e-03 -2.770956398057160784e-03 4.509549732512200051e-04
-3.140400999999999887e-01 -4.950218999999999703e+00 2.737649000000000115e+02 6.440265305851590287e-03 -2.351182160584780554e-03 -1.248101845088270571e-03
-3.112308999999999770e-01 -4.987625999999999671e+00 2.753072000000000230e+02 7.402728118536315224e-03 -2.261701797836401188e-03 -2.441401821253785624e-03
-3.114205999999999919e-01 -5.039836000000000205e+00 2.768534999999999968e+02 8.193255706599329377e-03 -1.899046202865009450e-03 -3.198401162695897575e-03
-3.062025999999999915e-01 -5.082754999999999690e+00 2.783951999999999884e+02 9.029753221952241046e-03 -1.293327355049631771e-03 -3.552073635855746737e-03
-3.011291999999999858e-01 -5.134135999999999811e+00 2.799451000000000249e+02 9.935583868732099713e-03 -8.339534923048115165e-04 -3.010765655524289246e-03
-2.897536000000000000e-01 -5.172037999999999691e+00 2.814957999999999743e+02 1.077475336199067331e-02 -9.974199210043819576e-04 -2.422972738816437949e-03
-2.764899000000000107e-01 -5.210036999999999807e+00 2.830498000000000047e+02 1.152185516193769341e-02 -2.311414949577938333e-03 -1.517347601438985691e-03
-2.599233000000000238e-01 -5.241690000000000182e+00 2.846005000000000109e+02 1.186473244636491835e-02 -2.735207340685352241e-03 -1.024087887953926772e-04
-2.447295999999999916e-01 -5.277598000000000233e+00 2.861453999999999951e+02 1.192708365272457903e-02 -3.807036094697805015e-04 5.738059091659686783e-04
-2.301583000000000101e-01 -5.316244000000000192e+00 2.876999000000000137e+02 1.157265536530404683e-02 2.183832633550790089e-03 1.517669298386529163e-03
-2.170805000000000096e-01 -5.355147999999999797e+00 2.892536000000000058e+02 1.072971846733733643e-02 2.486480427892535754e-03 1.198560980603281508e-03
-2.045250999999999875e-01 -5.390475000000000350e+00 2.908102999999999838e+02 1.002155362703397931e-02 1.806982896870429432e-03 2.801641359000512591e-03
-1.926926999999999945e-01 -5.424877999999999645e+00 2.923691999999999780e+02 9.008019201391534447e-03 2.419997362063234115e-03 2.703700256434055701e-03
-1.828270999999999924e-01 -5.462577999999999712e+00 2.939316000000000031e+02 8.447364054681476969e-03 2.691091249150051341e-03 2.434856258369586576e-03
-1.753107000000000137e-01 -5.502144000000000368e+00 2.955006999999999948e+02 7.737660506227122224e-03 2.183544692763918649e-03 2.390457116185180746e-03
-1.681708000000000092e-01 -5.542653999999999748e+00 2.970722999999999843e+02 6.887275727927885498e-03 1.875373144936914307e-03 2.832599853195342382e-03
-1.571664000000000116e-01 -5.573209000000000302e+00 2.986501999999999839e+02 5.851415787988340812e-03 1.096977196804077874e-03 3.473323303930743802e-03
-1.498300999999999938e-01 -5.605661999999999701e+00 3.002366999999999848e+02 5.291514222811139097e-03 -4.661426128389833468e-04 1.882309353325969156e-03
-1.436566999999999983e-01 -5.638055999999999734e+00 3.018211000000000013e+02 5.923190939917112076e-03 -1.039545205567556042e-03 1.352002204224507899e-03
-1.362308000000000130e-01 -5.674044999999999561e+00 3.034130000000000109e+02 6.894923527719028049e-03 -5.102687221051714758e-04 7.782361320048188265e-04
-1.245795999999999987e-01 -5.704926999999999637e+00 3.050095000000000027e+02 7.276452405146696667e-03 -6.192163157650095600e-05 2.065776606188905132e-03
-1.113075000000000037e-01 -5.740562999999999860e+00 3.066086000000000240e+02 7.453137428556466659e-03 8.078684872161604261e-04 3.790443275342058726e-03
-1.009904999999999969e-01 -5.775938000000000017e+00 3.082115999999999758e+02 7.758367569759121347e-03 2.740141291838843213e-03 5.450127409406236266e-03
-9.649989999999999957e-02 -5.821106000000000336e+00 3.098188999999999851e+02 7.763621051355866672e-03 3.725655705460378941e-03 5.716453926880686598e-03
-9.324941000000000479e-02 -5.863045999999999758e+00 3.114331000000000245e+02 5.644487763744298822e-03 4.641758655251067983e-03 5.173401043157776179e-03
-9.658434000000000463e-02 -5.907765999999999629e+00 3.130445000000000277e+02 3.496708549060288402e-03 4.231993766498861644e-03 4.236153911784036608e-03
-1.065230000000000066e-01 -5.952028999999999570e+00 3.146682000000000130e+02 3.084136567273903541e-03 1.079636167904066439e-03 2.488113071631929251e-03
-1.079810999999999965e-01 -5.990687999999999569e+00 3.162952999999999975e+02 3.583999193699222065e-03 -2.206631664734335849e-03 3.709085485540299359e-03
-1.086696000000000051e-01 -6.032426000000000066e+00 3.179241000000000099e+02 3.790273574761785728e-03 -3.051857615464688596e-03 4.755580239522671365e-03
-1.058419000000000026e-01 -6.068361999999999590e+00 3.195525000000000091e+02 4.072400396761714086e-03 -1.741229865695291881e-03 6.187819112928191756e-03
-1.039698000000000011e-01 -6.106844999999999857e+00 3.211822999999999979e+02 4.412184226575244228e-03 -1.779038909717563146e-03 6.957137248971029947e-03
-1.009179000000000048e-01 -6.143404000000000309e+00 3.228138999999999896e+02 4.609318278376775026e-03 -2.198321684495946945e-03 6.831174986255798137e-03
-9.883113000000000314e-02 -6.185281999999999947e+00 3.244397000000000162e+02 5.098765296789606674e-03 -1.998025339974066755e-03 6.966115528596341332e-03
-9.648437999999999459e-02 -6.224088000000000065e+00 3.260681999999999903e+02 5.582591118567827894e-03 -1.395066374793407825e-03 5.524185851282091726e-03
-9.411052000000000306e-02 -6.268818999999999697e+00 3.276976000000000226e+02 6.254865276264877372e-03 -6.369864657039132341e-04 4.736040581024952498e-03
-8.496955999999999953e-02 -6.305428000000000033e+00 3.293242000000000189e+02 7.096118293775124236e-03 -2.435872301675908163e-03 5.850109850001399166e-03
-7.442717999999999556e-02 -6.342113000000000334e+00 3.309508000000000152e+02 7.224165391463886754e-03 -3.549359477375223747e-03 6.741366377971588428e-03
-6.421230999999999467e-02 -6.372244000000000241e+00 3.325693999999999733e+02 6.922671096560822739e-03 -2.089083428313498643e-03 7.974354098901880947e-03
-5.844894999999999952e-02 -6.413496999999999559e+00 3.341893000000000029e+02 6.934800911298367142e-03 -2.191935650296370462e-03 7.168854637343101584e-03
-5.434960999999999959e-02 -6.450779999999999959e+00 3.358023999999999774e+02 6.833371590086552948e-03 -8.332574009709302950e-04 4.781870978291330454e-03
-4.949748000000000342e-02 -6.492550999999999739e+00 3.374096999999999866e+02 6.109373892605632177e-03 3.483717941379774804e-03 3.593317451026752790e-03
-4.548042000000000057e-02 -6.532187999999999661e+00 3.390210999999999899e+02 5.234158564819586974e-03 2.357184238752091897e-03 2.006550938496750106e-03
-4.257007000000000152e-02 -6.571397000000000155e+00 3.406286999999999807e+02 4.362300388264901511e-03 -1.067779219041609540e-03 1.457658445624825149e-03
-3.930295999999999790e-02 -6.601810999999999652e+00 3.422461999999999875e+02 3.299462529075150412e-03 -4.313603175682199746e-03 2.684331168239227649e-04
-3.681003000000000053e-02 -6.628917999999999644e+00 3.438528000000000020e+02 2.091711173061019079e-03 -3.056047581759555563e-03 -2.126344961775021450e-04
-3.514658999999999839e-02 -6.652782000000000195e+00 3.454524999999999864e+02 2.716569291459347817e-04 -1.017490120069846661e-03 4.438343371571354281e-04
-3.454789999999999944e-02 -6.677643999999999913e+00 3.470554000000000201e+02 -1.625811046254607792e-03 -2.581642728147889952e-03 1.443858349630186468e-03
-3.707175000000000054e-02 -6.708152000000000115e+00 3.486551000000000045e+02 -2.625507647016399240e-03 -3.446065874644305225e-03 3.071670206373689708e-03
-4.156332000000000082e-02 -6.737238999999999756e+00 3.502531999999999925e+02 -3.057525321017362172e-03 -2.490203636505568599e-03 3.349623614210058605e-03
-5.261017999999999945e-02 -6.773058999999999941e+00 3.518478000000000065e+02 -3.273675911676711750e-03 -1.588782635710949982e-03 4.011504789116240172e-03
-6.277075000000000016e-02 -6.805862000000000300e+00 3.534463999999999828e+02 -3.294297484245343761e-03 -1.645910774906709541e-03 4.076803959124243072e-03
-7.506606000000000389e-02 -6.843563999999999758e+00 3.550378999999999792e+02 -3.263324301276271898e-03 -1.470618521277759815e-03 4.570764190340802745e-03
-8.570355999999999808e-02 -6.882551999999999559e+00 3.566308000000000220e+02 -3.293606193427054026e-03 -8.679441084731300514e-04 5.218740684606788284e-03
-9.729988999999999999e-02 -6.921763000000000332e+00 3.582217999999999734e+02 -3.418010855636677801e-03 -2.062371091629106013e-04 5.402501315700805433e-03
-1.091014000000000012e-01 -6.958714999999999762e+00 3.598125000000000000e+02 -3.345783586449204913e-03 -5.628508984642686345e-04 5.899256393379346750e-03
-1.223014000000000046e-01 -6.995935000000000237e+00 3.614037000000000148e+02 -3.269779003921641659e-03 4.395205955542050660e-04 5.467364080425599938e-03
-1.322205999999999937e-01 -7.034017000000000408e+00 3.629889999999999759e+02 -3.199401879595419225e-03 1.663812763969347392e-03 6.985761596293084408e-03
-1.419951999999999881e-01 -7.072716999999999921e+00 3.645867000000000075e+02 -3.084176025014804569e-03 1.830997059979683282e-04 8.343440749094465855e-03
-1.552998999999999907e-01 -7.112397999999999776e+00 3.661838000000000193e+02 -3.215689923759268171e-03 -9.681154135212455356e-04 1.001052214928141795e-02
-1.668614999999999959e-01 -7.146884000000000015e+00 3.677810999999999808e+02 -3.163110266308070875e-03 -2.692066927888853113e-04 1.055871679599954330e-02
-1.858911000000000036e-01 -7.188290000000000290e+00 3.693865999999999872e+02 -2.786081214188546387e-03 6.033254588515224665e-04 9.442996370903806308e-03
-2.029185000000000016e-01 -7.225081000000000309e+00 3.709753000000000043e+02 -2.307472596348411707e-03 -6.546484621471288044e-04 7.436546394589426713e-03
-2.229981000000000047e-01 -7.268839999999999968e+00 3.726154000000000224e+02 -1.805531829640137599e-03 -9.540592589643589029e-04 6.101887815775168186e-03
-2.378134000000000081e-01 -7.306808000000000192e+00 3.742253000000000043e+02 -1.435322880259222228e-03 -7.046586735733881886e-04 5.699484327460482662e-03
-2.519893000000000272e-01 -7.344935999999999687e+00 3.757810999999999808e+02 -1.199967264024294749e-03 9.211549790077374646e-05 5.879359969465028889e-03
-2.625877999999999823e-01 -7.379336000000000340e+00 3.773872999999999820e+02 -9.178673011719609047e-04 3.368161137908822975e-04 5.717675463026219984e-03
-2.704012000000000082e-01 -7.414418000000000397e+00 3.789929000000000201e+02 -6.929259969758281169e-04 3.900621035927282474e-04 5.335586667013668058e-03
-2.783585000000000087e-01 -7.448411000000000115e+00 3.806071000000000026e+02 -3.813569196483863736e-04 2.705875007786391812e-04 4.183215411238036356e-03
-2.877925000000000066e-01 -7.485057000000000293e+00 3.822201999999999771e+02 -5.685947562467200426e-05 -4.518743137008455232e-04 2.891393375499660360e-03
-2.960865999999999776e-01 -7.522078999999999738e+00 3.838408000000000015e+02 2.114521968485141813e-04 1.625975949320482890e-04 1.738539856219316684e-03
-3.039651999999999910e-01 -7.558709000000000344e+00 3.854511999999999716e+02 4.812969553551669187e-04 7.476725731512187667e-04 8.747435892095656697e-04
-3.110173999999999994e-01 -7.596747999999999834e+00 3.870677999999999770e+02 8.073794282565565153e-04 6.525093209758906247e-04 1.284791249888950757e-04
-3.164538000000000073e-01 -7.631598000000000326e+00 3.886856999999999971e+02 1.060919238512517040e-03 -2.659665036293429492e-04 -1.116826317438979416e-03
-3.206582000000000043e-01 -7.664429000000000158e+00 3.903059000000000083e+02 1.452396157340322090e-03 -9.825514213165507851e-04 -2.242669968126146177e-03
-3.238002999999999854e-01 -7.696195000000000341e+00 3.919359000000000037e+02 1.839559052242289213e-03 -3.144579921544177334e-04 -2.903954324043260364e-03
-3.237896000000000107e-01 -7.731690999999999647e+00 3.935579000000000178e+02 2.091743760279383361e-03 -4.584597193668490034e-04 -2.926422522356376173e-03
